# Fix print output for fix nbondsfile
90 
106 
111 
115 
117 
119 
121 
123 
127 
129 
134 
134 
137 
139 
141 
144 
145 
148 
148 
148 
149 
151 
152 
154 
156 
158 
160 
163 
164 
165 
165 
166 
166 
166 
167 
167 
168 
168 
168 
170 
171 
173 
173 
173 
173 
174 
175 
175 
175 
175 
176 
176 
176 
176 
178 
179 
179 
179 
180 
180 
181 
182 
182 
183 
183 
183 
183 
183 
185 
185 
185 
186 
187 
187 
187 
187 
187 
187 
187 
189 
189 
189 
189 
190 
191 
193 
193 
193 
193 
194 
195 
196 
196 
196 
196 
196 
196 
196 
196 
196 
197 
198 
198 
199 
199 
199 
200 
200 
201 
201 
201 
201 
201 
201 
201 
201 
201 
201 
201 
201 
201 
201 
201 
201 
201 
201 
201 
201 
201 
202 
202 
202 
202 
202 
202 
202 
205 
205 
205 
206 
206 
206 
206 
206 
207 
207 
207 
207 
207 
207 
207 
208 
208 
208 
208 
208 
208 
208 
208 
208 
209 
209 
209 
210 
210 
210 
210 
210 
210 
210 
210 
210 
210 
210 
210 
210 
211 
211 
211 
211 
211 
211 
211 
211 
211 
211 
211 
212 
212 
212 
212 
213 
213 
213 
213 
214 
214 
214 
214 
214 
214 
214 
214 
214 
214 
214 
214 
214 
214 
214 
214 
214 
214 
214 
214 
215 
215 
215 
215 
215 
215 
215 
215 
215 
216 
216 
216 
216 
216 
216 
216 
216 
216 
216 
216 
216 
216 
216 
216 
216 
216 
216 
216 
216 
216 
216 
216 
216 
216 
216 
216 
216 
216 
216 
216 
216 
216 
216 
216 
216 
216 
216 
216 
216 
216 
216 
216 
216 
216 
216 
216 
216 
216 
216 
216 
216 
216 
216 
216 
216 
216 
216 
216 
216 
216 
216 
216 
216 
216 
216 
216 
216 
216 
216 
216 
216 
216 
216 
216 
216 
216 
216 
216 
216 
216 
216 
216 
216 
216 
216 
216 
216 
216 
216 
216 
216 
216 
216 
216 
216 
216 
216 
216 
216 
216 
216 
216 
216 
216 
216 
216 
216 
216 
216 
216 
216 
216 
216 
216 
216 
216 
216 
216 
216 
216 
216 
216 
216 
216 
216 
216 
216 
216 
216 
216 
216 
216 
216 
216 
216 
216 
216 
216 
216 
216 
216 
216 
216 
216 
216 
216 
216 
216 
216 
216 
216 
217 
217 
217 
217 
217 
217 
217 
217 
217 
217 
217 
217 
217 
217 
217 
217 
217 
217 
217 
218 
218 
218 
218 
218 
218 
218 
218 
218 
218 
218 
218 
218 
218 
218 
218 
218 
218 
218 
218 
218 
218 
218 
218 
218 
218 
218 
218 
218 
218 
218 
218 
218 
218 
218 
218 
218 
218 
218 
218 
218 
218 
218 
218 
218 
218 
218 
218 
218 
218 
218 
218 
218 
218 
218 
218 
218 
218 
218 
218 
218 
218 
218 
218 
218 
218 
218 
218 
218 
218 
218 
218 
218 
218 
218 
218 
218 
218 
218 
218 
218 
218 
218 
218 
218 
218 
218 
218 
218 
218 
218 
218 
218 
218 
218 
218 
218 
218 
218 
218 
218 
218 
218 
218 
218 
218 
218 
218 
218 
218 
218 
218 
218 
218 
218 
218 
218 
218 
218 
218 
218 
218 
218 
218 
218 
218 
218 
218 
218 
218 
218 
218 
218 
218 
218 
218 
218 
218 
218 
218 
218 
218 
218 
218 
218 
218 
218 
218 
218 
218 
218 
218 
218 
218 
218 
218 
218 
218 
218 
218 
218 
218 
218 
218 
218 
218 
218 
218 
218 
218 
218 
218 
218 
218 
218 
218 
218 
218 
218 
218 
218 
218 
218 
218 
218 
218 
218 
218 
218 
218 
218 
218 
218 
218 
218 
218 
218 
218 
218 
218 
218 
218 
218 
218 
218 
218 
218 
218 
218 
218 
218 
218 
218 
218 
218 
218 
218 
218 
218 
218 
218 
218 
218 
218 
218 
218 
218 
218 
218 
218 
218 
218 
218 
218 
218 
218 
218 
218 
218 
218 
218 
218 
218 
218 
218 
218 
218 
218 
218 
218 
218 
218 
218 
218 
218 
218 
218 
218 
218 
218 
218 
218 
218 
218 
218 
218 
218 
218 
218 
218 
218 
218 
218 
218 
218 
218 
218 
218 
218 
218 
218 
218 
218 
218 
218 
218 
218 
218 
218 
218 
218 
218 
218 
218 
218 
218 
218 
218 
218 
218 
218 
218 
218 
218 
218 
218 
218 
218 
218 
218 
218 
218 
218 
218 
218 
218 
218 
218 
218 
218 
218 
218 
218 
218 
218 
218 
218 
218 
218 
218 
218 
218 
218 
218 
218 
218 
218 
218 
218 
218 
218 
218 
218 
218 
218 
218 
218 
218 
218 
218 
218 
218 
218 
218 
218 
218 
218 
218 
218 
218 
218 
218 
218 
218 
218 
218 
218 
218 
218 
218 
218 
218 
218 
218 
218 
218 
218 
218 
218 
218 
218 
218 
218 
218 
218 
219 
219 
219 
219 
219 
219 
219 
219 
219 
219 
219 
219 
219 
219 
219 
219 
219 
219 
219 
219 
219 
219 
219 
219 
219 
219 
219 
219 
219 
219 
219 
219 
219 
219 
219 
219 
219 
219 
219 
219 
219 
219 
219 
219 
219 
219 
219 
219 
219 
219 
219 
219 
219 
219 
219 
219 
219 
219 
219 
219 
219 
219 
219 
219 
219 
219 
219 
219 
219 
219 
219 
219 
219 
219 
219 
219 
219 
219 
219 
219 
219 
219 
219 
219 
219 
219 
219 
219 
219 
219 
219 
219 
219 
219 
219 
219 
219 
219 
219 
219 
219 
219 
219 
219 
219 
219 
219 
219 
219 
219 
219 
219 
219 
219 
219 
219 
219 
219 
219 
219 
219 
219 
219 
219 
219 
219 
219 
219 
219 
219 
219 
219 
219 
219 
219 
219 
219 
219 
219 
219 
219 
219 
219 
219 
219 
219 
219 
219 
219 
219 
219 
219 
219 
219 
219 
219 
219 
219 
219 
219 
219 
219 
219 
219 
219 
219 
219 
219 
219 
219 
219 
219 
219 
219 
219 
219 
219 
219 
219 
219 
219 
219 
219 
219 
219 
219 
219 
219 
219 
219 
219 
219 
219 
219 
219 
219 
219 
219 
219 
219 
219 
219 
219 
219 
219 
219 
219 
219 
219 
219 
219 
219 
219 
219 
219 
219 
219 
219 
219 
219 
219 
